7.073464890848006
6.991590096937985
8.160411167233939
7.2407228309214
8.765160112742999
8.767629210017645
10.811117811473459
12.817353341805136
12.53214232684275
12.504642784273408
12.091326985199382
12.880008266647796
13.705964681341893
14.49491851212042
13.741165057034614
12.049001840736686
10.771601793764198
11.305440448760873
11.298511110079238
11.206577117428614
11.58139044227898
10.755992029397726
11.055267823388544
10.093207870966246
10.270040857310175
8.60104862125813
9.62446967447282
8.689735749275428
8.447769177127967
9.428128399816769
10.03495493336248
10.065159001249253
10.424644170515284
10.747335829986241
11.678862792932456
11.536167935381712
10.835192382623143
9.684715218278392
9.572065173607585
8.35271044293988
7.748035030173021
7.327206164045339
5.085780411764732
4.222394497567703
2.521579446977492
1.1866814645603827
1.7042186439045912
0.33092897705111834
0.8402581290163164
0.7230169345155814
0.7934132815616247
0.6191890083479629
3.6838913050918554
4.219286622225483
5.57996875396764
6.419468963467687
7.070549187277663
6.809763869399756
7.864989276235297
7.841001026312457
7.736925092425822
8.774402997096843
9.131660258130424
9.84872266218308
9.353201175712632
8.539344299506867
9.201878860597397
7.943714641500044
6.693257511238435
7.3400100793088425
8.711102489029775
8.74674216106457
8.232264642206871
10.016043748315946
9.847844514706606
12.318514917889846
12.522782478883883
13.662122494784619
14.256742572517574
14.964993758165216
14.540931456709762
14.903099434171375
15.881981934228417
14.784255797872829
14.579651007079748
13.23786556850053
13.49457220632648
11.980451376316314
11.39170347956946
10.647902234443173
9.608697122974506
10.433746736313084
7.431591529966732
6.1327859580948765
3.383638108417567
4.4138285335504355
3.6215568018921944
3.412390789130344
1.9858913709654178
2.4770268684562673
0.9135307653111193
0.3480177253318378
0.7910826001692272
2.9707761836056763
2.580605883655174
2.5436661264953653
4.286456657175462
4.19290389711626
5.688015073481427
5.666955089043903
7.721781959256824
8.978511334189957
9.870679309433232
10.068038201447147
11.660337144161245
12.023618435544984
12.540654982627958
14.6783665987088
15.837758169138603
15.859376759569788
14.42496130609459
17.32412638464784
15.46767079425847
16.155458407149112
15.691621731652043
15.439425419396843
