-77.52958227077518
-75.49455533816275
-73.32493299710931
-69.94842163093296
-67.92265742816284
-64.56416862482251
-62.53442659135774
-59.82781024462267
-57.262142287256935
-54.63684711090726
-52.12304463281159
-50.13508228789112
-48.12588514140499
-45.382050229110625
-42.984602106547634
-41.61722272142957
-40.61068835069952
-38.69303750304334
-36.84938591170231
-35.0477170678306
-34.026817619168405
-32.754928185670295
-31.966081556882607
-30.82933317573784
-29.62163229162243
-28.31463799616626
-27.448258969011746
-25.642896355727764
-24.78146751991766
-24.056344855924653
-23.107634807780826
-22.63392560607464
-21.080664789166665
-19.369122317846852
-17.19951849573424
-15.339815597922515
-13.2259634868263
-10.702267210605365
-8.468681383374395
-6.236083075154613
-4.385203198741973
-1.4774074351973225
1.0850369853332915
3.1024320028469043
6.395194401436714
8.361277590015158
10.485553733674315
13.400122053240969
15.189143359106593
17.846724445110677
20.683777077257318
22.496662701408116
27.082222793096435
29.444093584055253
32.7129724637671
36.275490762118956
39.13626931979749
42.27798160689656
45.98191139073754
47.91635263512286
49.874991732818714
52.47013558856021
54.41932236772001
56.87607068430135
57.87737066649264
58.91330666875931
61.39044624810146
62.36133992381381
63.45735602943747
65.24786856080776
67.30682145995492
67.82812185556931
68.7567094876242
69.68492491912937
70.34388891620783
72.19279056047061
73.13785926623568
74.33748198738066
74.98533989668765
76.67335588508242
77.28139705366092
77.68465845203714
78.58953442072753
79.77482609058762
80.47885184679993
80.3412912347796
80.31511769249155
80.8383685391431
79.23345176689392
77.94725581095005
77.47577572447423
76.21294666975123
74.05771277221643
72.1886417669667
69.9663074965595
67.93628215464366
65.78023100053692
63.31455663650818
60.56885199058205
57.81566217907066
54.354526774424095
51.405536756178606
48.20376922208635
44.481481892348334
40.30690639007625
36.87415098226638
32.303124878347816
29.195399671716874
23.159235377301584
17.99753125947555
12.142133841033298
7.749846045354324
1.8071721003902599
-2.676632517219153
-6.662053531975653
-14.30234082191324
-17.06186913090242
-22.08621629721247
-26.26528263494676
-31.774700790708156
-34.75445794021072
-41.97903180470093
-45.22763364566879
-48.28101612206006
-51.47156060596159
-55.0124354815985
