30.465544919459866
30.90221436507173
29.475889003245726
30.465544919459884
29.835539100261556
29.835539100261556
27.691508423964915
25.769327624338718
24.775140568831922
23.962488974578182
22.479434397103113
20.297569772228687
18.785020512595416
15.74203995087088
14.836908761560682
13.240519915187203
11.813144700137167
9.462322208025611
7.3995946598871
5.297048104596802
2.2754564382542064
0.0
-2.321530589832722
-4.698680517299447
-6.296818718984411
-8.017093073655335
-11.3099324740202
-12.875001559612466
-14.722975061750212
-16.389540334034773
-17.9044475062482
-18.833752912658838
-21.48959879859899
-22.587310531365713
-24.835167555264896
-25.796026494499937
-26.95217893122893
-28.810793742973054
-29.852076269182664
-30.596009467062668
-31.263731694377423
-32.96940390346211
-33.44677480771491
-33.93649946665668
-34.69515353123394
-33.690067525979764
-32.4365306014816
-32.65080229659555
-32.195733934713225
-31.95810947333805
-31.95810947333805
-32.927862653164155
-32.927862653164155
-32.15229514128235
-33.432560138400916
-32.15229514128235
-31.36330221395008
-29.28142706105904
-30.089686238776686
-27.847578259788182
-26.995838394086636
-26.565051177078
-26.35440587792262
-25.50413948681377
-24.710799462230213
-22.96377305985456
-23.782030423221364
-21.317912275461538
-21.006789430771864
-21.161259816828284
-22.121941971881856
-21.161259816828295
-20.40988283380401
-20.704223629341982
-20.056094736575414
-22.42586192135177
-21.960564020096463
-23.085133672808272
-23.255714901014667
-24.227745317954163
-23.4286928087454
-23.4286928087454
-24.407668667780094
-23.604115042914238
-23.428692808745392
-22.45154645600386
-23.42869280874541
-22.61986494804043
-21.967243406812905
-21.297354049033785
-21.297354049033785
-22.135491878100378
-19.832129850218376
-20.136303428248123
-17.878696595841344
-18.711737875099775
-18.014693918205246
-18.014693918205246
-15.333284793053553
-15.452010641129688
-14.142346642032694
-13.495733280795813
-11.93560254326743
-9.309940174986034
-9.235559093165909
-7.594643368591439
-6.5462907832940225
-4.647970691387025
-1.9091524329963763
-0.9710219310791682
0.0
0.9469514467734659
0.9469514467734659
2.910837826167756
3.7826454465963097
4.6858998395027065
3.6619355755198066
6.290670773355017
7.180535497720162
8.949458084208889
10.619655276155154
8.88065915052026
10.459909092929145
11.569972047902013
12.24633285968042
12.339087278326195
